hmod ind var nivel fct 1 2 3 4 5 6 7 8 9 10 11 12 13 14 15 16 17 18 19 20 21 22 23 24 25 26 27 28 29 30 31
00 rmse tvir  925 24 -999.90 -999.90 -999.90 -999.90 -999.90 -999.90 -999.90 -999.90 -999.90 -999.90 1.87 2.02 1.84 1.84 1.84 1.74 1.69 1.72 1.57 -999.90 -999.90 -999.90 -999.90 -999.90 -999.90 -999.90 -999.90 -999.90 -999.90 -999.90 -999.90
12 rmse tvir  925 24 -999.90 -999.90 -999.90 -999.90 -999.90 -999.90 -999.90 -999.90 -999.90 -999.90 1.68 1.79 1.59 1.53 1.66 1.56 1.57 1.44 1.41 -999.90 -999.90 -999.90 -999.90 -999.90 -999.90 -999.90 -999.90 -999.90 -999.90 -999.90 -999.90
00 rmse tvir  925 48 -999.90 -999.90 -999.90 -999.90 -999.90 -999.90 -999.90 -999.90 -999.90 -999.90 -999.90 2.44 2.28 2.17 2.17 2.20 2.07 2.01 1.93 -999.90 -999.90 -999.90 -999.90 -999.90 -999.90 -999.90 -999.90 -999.90 -999.90 -999.90 -999.90
12 rmse tvir  925 48 -999.90 -999.90 -999.90 -999.90 -999.90 -999.90 -999.90 -999.90 -999.90 -999.90 -999.90 2.19 1.91 1.99 2.31 1.85 1.76 1.61 1.63 -999.90 -999.90 -999.90 -999.90 -999.90 -999.90 -999.90 -999.90 -999.90 -999.90 -999.90 -999.90
00 rmse tvir  925 72 -999.90 -999.90 -999.90 -999.90 -999.90 -999.90 -999.90 -999.90 -999.90 -999.90 -999.90 -999.90 2.40 2.50 2.45 2.67 2.36 2.21 2.27 -999.90 -999.90 -999.90 -999.90 -999.90 -999.90 -999.90 -999.90 -999.90 -999.90 -999.90 -999.90
12 rmse tvir  925 72 -999.90 -999.90 -999.90 -999.90 -999.90 -999.90 -999.90 -999.90 -999.90 -999.90 -999.90 -999.90 2.05 2.10 2.43 2.37 2.14 1.70 1.84 -999.90 -999.90 -999.90 -999.90 -999.90 -999.90 -999.90 -999.90 -999.90 -999.90 -999.90 -999.90
00 rmse tvir  925 96 -999.90 -999.90 -999.90 -999.90 -999.90 -999.90 -999.90 -999.90 -999.90 -999.90 -999.90 -999.90 -999.90 2.60 2.82 2.48 2.62 2.27 2.34 -999.90 -999.90 -999.90 -999.90 -999.90 -999.90 -999.90 -999.90 -999.90 -999.90 -999.90 -999.90
12 rmse tvir  925 96 -999.90 -999.90 -999.90 -999.90 -999.90 -999.90 -999.90 -999.90 -999.90 -999.90 -999.90 -999.90 -999.90 2.39 2.46 2.43 2.24 2.04 1.94 -999.90 -999.90 -999.90 -999.90 -999.90 -999.90 -999.90 -999.90 -999.90 -999.90 -999.90 -999.90
00 rmse tvir  925 120 -999.90 -999.90 -999.90 -999.90 -999.90 -999.90 -999.90 -999.90 -999.90 -999.90 -999.90 -999.90 -999.90 -999.90 2.99 2.46 2.42 2.74 2.54 -999.90 -999.90 -999.90 -999.90 -999.90 -999.90 -999.90 -999.90 -999.90 -999.90 -999.90 -999.90
12 rmse tvir  925 120 -999.90 -999.90 -999.90 -999.90 -999.90 -999.90 -999.90 -999.90 -999.90 -999.90 -999.90 -999.90 -999.90 -999.90 2.57 2.30 2.48 2.54 2.35 -999.90 -999.90 -999.90 -999.90 -999.90 -999.90 -999.90 -999.90 -999.90 -999.90 -999.90 -999.90
00 rmse tvir  925 144 -999.90 -999.90 -999.90 -999.90 -999.90 -999.90 -999.90 -999.90 -999.90 -999.90 -999.90 -999.90 -999.90 -999.90 -999.90 2.47 2.43 2.86 3.38 -999.90 -999.90 -999.90 -999.90 -999.90 -999.90 -999.90 -999.90 -999.90 -999.90 -999.90 -999.90
12 rmse tvir  925 144 -999.90 -999.90 -999.90 -999.90 -999.90 -999.90 -999.90 -999.90 -999.90 -999.90 -999.90 -999.90 -999.90 -999.90 -999.90 2.15 2.33 2.80 2.78 -999.90 -999.90 -999.90 -999.90 -999.90 -999.90 -999.90 -999.90 -999.90 -999.90 -999.90 -999.90
00 rmse tvir  925 168 -999.90 -999.90 -999.90 -999.90 -999.90 -999.90 -999.90 -999.90 -999.90 -999.90 -999.90 -999.90 -999.90 -999.90 -999.90 -999.90 2.64 2.70 3.02 -999.90 -999.90 -999.90 -999.90 -999.90 -999.90 -999.90 -999.90 -999.90 -999.90 -999.90 -999.90
12 rmse tvir  925 168 -999.90 -999.90 -999.90 -999.90 -999.90 -999.90 -999.90 -999.90 -999.90 -999.90 -999.90 -999.90 -999.90 -999.90 -999.90 -999.90 2.42 2.74 3.03 -999.90 -999.90 -999.90 -999.90 -999.90 -999.90 -999.90 -999.90 -999.90 -999.90 -999.90 -999.90
00 vies tvir  925 24 -999.90 -999.90 -999.90 -999.90 -999.90 -999.90 -999.90 -999.90 -999.90 -999.90 0.08 0.32 0.26 0.19 0.04 0.13 -0.03 0.04 0.27 -999.90 -999.90 -999.90 -999.90 -999.90 -999.90 -999.90 -999.90 -999.90 -999.90 -999.90 -999.90
12 vies tvir  925 24 -999.90 -999.90 -999.90 -999.90 -999.90 -999.90 -999.90 -999.90 -999.90 -999.90 -0.01 0.11 0.14 0.02 -0.03 0.06 -0.09 0.25 0.17 -999.90 -999.90 -999.90 -999.90 -999.90 -999.90 -999.90 -999.90 -999.90 -999.90 -999.90 -999.90
00 vies tvir  925 48 -999.90 -999.90 -999.90 -999.90 -999.90 -999.90 -999.90 -999.90 -999.90 -999.90 -999.90 -0.02 0.03 -0.17 -0.33 -0.05 -0.17 -0.16 0.09 -999.90 -999.90 -999.90 -999.90 -999.90 -999.90 -999.90 -999.90 -999.90 -999.90 -999.90 -999.90
12 vies tvir  925 48 -999.90 -999.90 -999.90 -999.90 -999.90 -999.90 -999.90 -999.90 -999.90 -999.90 -999.90 -0.47 -0.24 -0.41 -0.65 -0.30 -0.25 -0.10 -0.03 -999.90 -999.90 -999.90 -999.90 -999.90 -999.90 -999.90 -999.90 -999.90 -999.90 -999.90 -999.90
00 vies tvir  925 72 -999.90 -999.90 -999.90 -999.90 -999.90 -999.90 -999.90 -999.90 -999.90 -999.90 -999.90 -999.90 -0.26 -0.42 -0.51 -0.40 -0.31 -0.16 -0.16 -999.90 -999.90 -999.90 -999.90 -999.90 -999.90 -999.90 -999.90 -999.90 -999.90 -999.90 -999.90
12 vies tvir  925 72 -999.90 -999.90 -999.90 -999.90 -999.90 -999.90 -999.90 -999.90 -999.90 -999.90 -999.90 -999.90 -0.55 -0.74 -0.83 -0.74 -0.71 -0.25 -0.46 -999.90 -999.90 -999.90 -999.90 -999.90 -999.90 -999.90 -999.90 -999.90 -999.90 -999.90 -999.90
00 vies tvir  925 96 -999.90 -999.90 -999.90 -999.90 -999.90 -999.90 -999.90 -999.90 -999.90 -999.90 -999.90 -999.90 -999.90 -0.39 -0.78 -0.61 -0.64 -0.21 -0.09 -999.90 -999.90 -999.90 -999.90 -999.90 -999.90 -999.90 -999.90 -999.90 -999.90 -999.90 -999.90
12 vies tvir  925 96 -999.90 -999.90 -999.90 -999.90 -999.90 -999.90 -999.90 -999.90 -999.90 -999.90 -999.90 -999.90 -999.90 -0.77 -1.01 -0.95 -0.55 -0.56 -0.43 -999.90 -999.90 -999.90 -999.90 -999.90 -999.90 -999.90 -999.90 -999.90 -999.90 -999.90 -999.90
00 vies tvir  925 120 -999.90 -999.90 -999.90 -999.90 -999.90 -999.90 -999.90 -999.90 -999.90 -999.90 -999.90 -999.90 -999.90 -999.90 -0.74 -0.61 -0.36 -0.28 -0.31 -999.90 -999.90 -999.90 -999.90 -999.90 -999.90 -999.90 -999.90 -999.90 -999.90 -999.90 -999.90
12 vies tvir  925 120 -999.90 -999.90 -999.90 -999.90 -999.90 -999.90 -999.90 -999.90 -999.90 -999.90 -999.90 -999.90 -999.90 -999.90 -1.13 -0.68 -0.61 -0.42 -0.89 -999.90 -999.90 -999.90 -999.90 -999.90 -999.90 -999.90 -999.90 -999.90 -999.90 -999.90 -999.90
00 vies tvir  925 144 -999.90 -999.90 -999.90 -999.90 -999.90 -999.90 -999.90 -999.90 -999.90 -999.90 -999.90 -999.90 -999.90 -999.90 -999.90 -0.65 -0.20 0.09 -0.47 -999.90 -999.90 -999.90 -999.90 -999.90 -999.90 -999.90 -999.90 -999.90 -999.90 -999.90 -999.90
12 vies tvir  925 144 -999.90 -999.90 -999.90 -999.90 -999.90 -999.90 -999.90 -999.90 -999.90 -999.90 -999.90 -999.90 -999.90 -999.90 -999.90 -0.55 -0.34 -0.85 -0.79 -999.90 -999.90 -999.90 -999.90 -999.90 -999.90 -999.90 -999.90 -999.90 -999.90 -999.90 -999.90
00 vies tvir  925 168 -999.90 -999.90 -999.90 -999.90 -999.90 -999.90 -999.90 -999.90 -999.90 -999.90 -999.90 -999.90 -999.90 -999.90 -999.90 -999.90 0.04 -0.20 -0.43 -999.90 -999.90 -999.90 -999.90 -999.90 -999.90 -999.90 -999.90 -999.90 -999.90 -999.90 -999.90
12 vies tvir  925 168 -999.90 -999.90 -999.90 -999.90 -999.90 -999.90 -999.90 -999.90 -999.90 -999.90 -999.90 -999.90 -999.90 -999.90 -999.90 -999.90 -0.06 -0.09 -1.49 -999.90 -999.90 -999.90 -999.90 -999.90 -999.90 -999.90 -999.90 -999.90 -999.90 -999.90 -999.90
