hmod ind var nivel fct 1 2 3 4 5 6 7 8 9 10 11 12 13 14 15 16 17 18 19 20 21 22 23 24 25 26 27 28 29 30 31
00 rmse tvir  925 24 -999.90 -999.90 -999.90 -999.90 -999.90 -999.90 -999.90 -999.90 -999.90 -999.90 1.80 1.88 1.80 1.79 1.77 1.59 1.59 1.65 1.47 -999.90 -999.90 -999.90 -999.90 -999.90 -999.90 -999.90 -999.90 -999.90 -999.90 -999.90 -999.90
12 rmse tvir  925 24 -999.90 -999.90 -999.90 -999.90 -999.90 -999.90 -999.90 -999.90 -999.90 -999.90 1.48 1.65 1.58 1.50 1.56 1.44 1.47 1.40 1.37 -999.90 -999.90 -999.90 -999.90 -999.90 -999.90 -999.90 -999.90 -999.90 -999.90 -999.90 -999.90
00 rmse tvir  925 48 -999.90 -999.90 -999.90 -999.90 -999.90 -999.90 -999.90 -999.90 -999.90 -999.90 -999.90 2.07 2.21 2.08 2.17 2.07 1.89 1.89 1.84 -999.90 -999.90 -999.90 -999.90 -999.90 -999.90 -999.90 -999.90 -999.90 -999.90 -999.90 -999.90
12 rmse tvir  925 48 -999.90 -999.90 -999.90 -999.90 -999.90 -999.90 -999.90 -999.90 -999.90 -999.90 -999.90 2.00 1.79 1.88 1.95 1.70 1.69 1.68 1.59 -999.90 -999.90 -999.90 -999.90 -999.90 -999.90 -999.90 -999.90 -999.90 -999.90 -999.90 -999.90
00 rmse tvir  925 72 -999.90 -999.90 -999.90 -999.90 -999.90 -999.90 -999.90 -999.90 -999.90 -999.90 -999.90 -999.90 2.24 2.40 2.46 2.30 2.25 2.04 2.05 -999.90 -999.90 -999.90 -999.90 -999.90 -999.90 -999.90 -999.90 -999.90 -999.90 -999.90 -999.90
12 rmse tvir  925 72 -999.90 -999.90 -999.90 -999.90 -999.90 -999.90 -999.90 -999.90 -999.90 -999.90 -999.90 -999.90 2.08 2.16 2.08 2.05 1.96 1.88 1.78 -999.90 -999.90 -999.90 -999.90 -999.90 -999.90 -999.90 -999.90 -999.90 -999.90 -999.90 -999.90
00 rmse tvir  925 96 -999.90 -999.90 -999.90 -999.90 -999.90 -999.90 -999.90 -999.90 -999.90 -999.90 -999.90 -999.90 -999.90 2.53 2.72 2.27 2.41 2.60 2.23 -999.90 -999.90 -999.90 -999.90 -999.90 -999.90 -999.90 -999.90 -999.90 -999.90 -999.90 -999.90
12 rmse tvir  925 96 -999.90 -999.90 -999.90 -999.90 -999.90 -999.90 -999.90 -999.90 -999.90 -999.90 -999.90 -999.90 -999.90 2.43 2.41 1.92 2.28 2.20 1.89 -999.90 -999.90 -999.90 -999.90 -999.90 -999.90 -999.90 -999.90 -999.90 -999.90 -999.90 -999.90
00 rmse tvir  925 120 -999.90 -999.90 -999.90 -999.90 -999.90 -999.90 -999.90 -999.90 -999.90 -999.90 -999.90 -999.90 -999.90 -999.90 2.93 2.43 2.54 3.06 2.89 -999.90 -999.90 -999.90 -999.90 -999.90 -999.90 -999.90 -999.90 -999.90 -999.90 -999.90 -999.90
12 rmse tvir  925 120 -999.90 -999.90 -999.90 -999.90 -999.90 -999.90 -999.90 -999.90 -999.90 -999.90 -999.90 -999.90 -999.90 -999.90 2.60 2.15 2.43 2.91 2.25 -999.90 -999.90 -999.90 -999.90 -999.90 -999.90 -999.90 -999.90 -999.90 -999.90 -999.90 -999.90
00 rmse tvir  925 144 -999.90 -999.90 -999.90 -999.90 -999.90 -999.90 -999.90 -999.90 -999.90 -999.90 -999.90 -999.90 -999.90 -999.90 -999.90 2.49 2.80 2.96 3.35 -999.90 -999.90 -999.90 -999.90 -999.90 -999.90 -999.90 -999.90 -999.90 -999.90 -999.90 -999.90
12 rmse tvir  925 144 -999.90 -999.90 -999.90 -999.90 -999.90 -999.90 -999.90 -999.90 -999.90 -999.90 -999.90 -999.90 -999.90 -999.90 -999.90 2.32 2.79 2.96 2.86 -999.90 -999.90 -999.90 -999.90 -999.90 -999.90 -999.90 -999.90 -999.90 -999.90 -999.90 -999.90
00 rmse tvir  925 168 -999.90 -999.90 -999.90 -999.90 -999.90 -999.90 -999.90 -999.90 -999.90 -999.90 -999.90 -999.90 -999.90 -999.90 -999.90 -999.90 2.38 3.09 3.08 -999.90 -999.90 -999.90 -999.90 -999.90 -999.90 -999.90 -999.90 -999.90 -999.90 -999.90 -999.90
12 rmse tvir  925 168 -999.90 -999.90 -999.90 -999.90 -999.90 -999.90 -999.90 -999.90 -999.90 -999.90 -999.90 -999.90 -999.90 -999.90 -999.90 -999.90 2.58 2.76 3.22 -999.90 -999.90 -999.90 -999.90 -999.90 -999.90 -999.90 -999.90 -999.90 -999.90 -999.90 -999.90
00 vies tvir  925 24 -999.90 -999.90 -999.90 -999.90 -999.90 -999.90 -999.90 -999.90 -999.90 -999.90 -0.30 0.19 0.12 -0.05 -0.26 -0.11 -0.37 -0.30 -0.09 -999.90 -999.90 -999.90 -999.90 -999.90 -999.90 -999.90 -999.90 -999.90 -999.90 -999.90 -999.90
12 vies tvir  925 24 -999.90 -999.90 -999.90 -999.90 -999.90 -999.90 -999.90 -999.90 -999.90 -999.90 -0.22 0.25 0.24 -0.01 -0.01 0.05 -0.14 0.17 0.16 -999.90 -999.90 -999.90 -999.90 -999.90 -999.90 -999.90 -999.90 -999.90 -999.90 -999.90 -999.90
00 vies tvir  925 48 -999.90 -999.90 -999.90 -999.90 -999.90 -999.90 -999.90 -999.90 -999.90 -999.90 -999.90 -0.53 -0.07 -0.33 -0.66 -0.32 -0.53 -0.63 -0.40 -999.90 -999.90 -999.90 -999.90 -999.90 -999.90 -999.90 -999.90 -999.90 -999.90 -999.90 -999.90
12 vies tvir  925 48 -999.90 -999.90 -999.90 -999.90 -999.90 -999.90 -999.90 -999.90 -999.90 -999.90 -999.90 -0.79 -0.00 -0.47 -0.57 -0.22 -0.41 -0.26 -0.19 -999.90 -999.90 -999.90 -999.90 -999.90 -999.90 -999.90 -999.90 -999.90 -999.90 -999.90 -999.90
00 vies tvir  925 72 -999.90 -999.90 -999.90 -999.90 -999.90 -999.90 -999.90 -999.90 -999.90 -999.90 -999.90 -999.90 -0.87 -0.62 -0.83 -0.66 -0.71 -0.69 -0.69 -999.90 -999.90 -999.90 -999.90 -999.90 -999.90 -999.90 -999.90 -999.90 -999.90 -999.90 -999.90
12 vies tvir  925 72 -999.90 -999.90 -999.90 -999.90 -999.90 -999.90 -999.90 -999.90 -999.90 -999.90 -999.90 -999.90 -0.85 -0.80 -0.91 -0.60 -0.49 -0.54 -0.59 -999.90 -999.90 -999.90 -999.90 -999.90 -999.90 -999.90 -999.90 -999.90 -999.90 -999.90 -999.90
00 vies tvir  925 96 -999.90 -999.90 -999.90 -999.90 -999.90 -999.90 -999.90 -999.90 -999.90 -999.90 -999.90 -999.90 -999.90 -1.10 -1.10 -0.88 -0.95 -0.77 -0.86 -999.90 -999.90 -999.90 -999.90 -999.90 -999.90 -999.90 -999.90 -999.90 -999.90 -999.90 -999.90
12 vies tvir  925 96 -999.90 -999.90 -999.90 -999.90 -999.90 -999.90 -999.90 -999.90 -999.90 -999.90 -999.90 -999.90 -999.90 -1.15 -1.10 -0.81 -0.74 -0.72 -0.77 -999.90 -999.90 -999.90 -999.90 -999.90 -999.90 -999.90 -999.90 -999.90 -999.90 -999.90 -999.90
00 vies tvir  925 120 -999.90 -999.90 -999.90 -999.90 -999.90 -999.90 -999.90 -999.90 -999.90 -999.90 -999.90 -999.90 -999.90 -999.90 -1.42 -1.11 -0.68 -0.93 -1.15 -999.90 -999.90 -999.90 -999.90 -999.90 -999.90 -999.90 -999.90 -999.90 -999.90 -999.90 -999.90
12 vies tvir  925 120 -999.90 -999.90 -999.90 -999.90 -999.90 -999.90 -999.90 -999.90 -999.90 -999.90 -999.90 -999.90 -999.90 -999.90 -1.55 -0.70 -0.59 -1.03 -1.00 -999.90 -999.90 -999.90 -999.90 -999.90 -999.90 -999.90 -999.90 -999.90 -999.90 -999.90 -999.90
00 vies tvir  925 144 -999.90 -999.90 -999.90 -999.90 -999.90 -999.90 -999.90 -999.90 -999.90 -999.90 -999.90 -999.90 -999.90 -999.90 -999.90 -1.42 -0.87 -0.44 -1.31 -999.90 -999.90 -999.90 -999.90 -999.90 -999.90 -999.90 -999.90 -999.90 -999.90 -999.90 -999.90
12 vies tvir  925 144 -999.90 -999.90 -999.90 -999.90 -999.90 -999.90 -999.90 -999.90 -999.90 -999.90 -999.90 -999.90 -999.90 -999.90 -999.90 -1.10 -0.30 -0.72 -1.32 -999.90 -999.90 -999.90 -999.90 -999.90 -999.90 -999.90 -999.90 -999.90 -999.90 -999.90 -999.90
00 vies tvir  925 168 -999.90 -999.90 -999.90 -999.90 -999.90 -999.90 -999.90 -999.90 -999.90 -999.90 -999.90 -999.90 -999.90 -999.90 -999.90 -999.90 -0.99 -0.65 -0.77 -999.90 -999.90 -999.90 -999.90 -999.90 -999.90 -999.90 -999.90 -999.90 -999.90 -999.90 -999.90
12 vies tvir  925 168 -999.90 -999.90 -999.90 -999.90 -999.90 -999.90 -999.90 -999.90 -999.90 -999.90 -999.90 -999.90 -999.90 -999.90 -999.90 -999.90 -0.77 -0.57 -1.17 -999.90 -999.90 -999.90 -999.90 -999.90 -999.90 -999.90 -999.90 -999.90 -999.90 -999.90 -999.90
